{
"AN": {
"N": "BIGSOGGY",
"SN": "BigSoggyReal",
"TL": {
"L": [
{
"LN": "Eyes",
"FR": [
{
"I": 0,
"DU": 1,
"E": [
{
"ASI": {
"N": "0000",
"M3D": [
1.0,
0.0,
0.0,
0.0,
0.0,
1.0,
0.0,
0.0,
0.0,
0.0,
1.0,
0.0,
349.3,
-457.7,
0.0,
1.0
]
}
}
]
},
{
"I": 1,
"DU": 3,
"E": [
{
"ASI": {
"N": "0000",
"M3D": [
1.0,
0.0,
0.0,
0.0,
0.0,
1.0,
0.0,
0.0,
0.0,
0.0,
1.0,
0.0,
348.3,
-451.45,
0.0,
1.0
]
}
}
]
},
{
"I": 4,
"DU": 2,
"E": [
{
"ASI": {
"N": "0000",
"M3D": [
1.0,
0.0,
0.0,
0.0,
0.0,
1.0,
0.0,
0.0,
0.0,
0.0,
1.0,
0.0,
345.5,
-427.95,
0.0,
1.0
]
}
}
]
},
{
"I": 6,
"DU": 1,
"E": [
{
"ASI": {
"N": "0000",
"M3D": [
1.0,
0.0,
0.0,
0.0,
0.0,
1.0,
0.0,
0.0,
0.0,
0.0,
1.0,
0.0,
332.8,
-412.85,
0.0,
1.0
]
}
}
]
},
{
"I": 7,
"DU": 1,
"E": [
{
"ASI": {
"N": "0000",
"M3D": [
1.0,
0.0,
0.0,
0.0,
0.0,
1.0,
0.0,
0.0,
0.0,
0.0,
1.0,
0.0,
334.0,
-404.75,
0.0,
1.0
]
}
}
]
},
{
"I": 8,
"DU": 2,
"E": [
{
"ASI": {
"N": "0000",
"M3D": [
1.0,
0.0,
0.0,
0.0,
0.0,
1.0,
0.0,
0.0,
0.0,
0.0,
1.0,
0.0,
323.3,
-407.1,
0.0,
1.0
]
}
}
]
},
{
"I": 10,
"DU": 3,
"E": [
{
"ASI": {
"N": "0000",
"M3D": [
0.9941253662109375,
-0.10821533203125,
0.0,
0.0,
0.10821533203125,
0.9941253662109375,
0.0,
0.0,
0.0,
0.0,
1.0,
0.0,
310.7,
-401.1,
0.0,
1.0
]
}
}
]
},
{
"I": 13,
"DU": 2,
"E": [
{
"ASI": {
"N": "0000",
"M3D": [
0.9941253662109375,
-0.10821533203125,
0.0,
0.0,
0.10821533203125,
0.9941253662109375,
0.0,
0.0,
0.0,
0.0,
1.0,
0.0,
309.35,
-420.55,
0.0,
1.0
]
}
}
]
},
{
"I": 15,
"DU": 1,
"E": [
{
"ASI": {
"N": "0000",
"M3D": [
0.9941253662109375,
-0.10821533203125,
0.0,
0.0,
0.10821533203125,
0.9941253662109375,
0.0,
0.0,
0.0,
0.0,
1.0,
0.0,
317.85,
-437.85,
0.0,
1.0
]
}
}
]
},
{
"I": 16,
"DU": 2,
"E": [
{
"ASI": {
"N": "0000",
"M3D": [
0.9941253662109375,
-0.10821533203125,
0.0,
0.0,
0.10821533203125,
0.9941253662109375,
0.0,
0.0,
0.0,
0.0,
1.0,
0.0,
330.7,
-454.75,
0.0,
1.0
]
}
}
]
},
{
"I": 18,
"DU": 3,
"E": [
{
"ASI": {
"N": "0000",
"M3D": [
0.999847412109375,
-0.0171356201171875,
0.0,
0.0,
0.0171356201171875,
0.999847412109375,
0.0,
0.0,
0.0,
0.0,
1.0,
0.0,
348.6,
-478.55,
0.0,
1.0
]
}
}
]
},
{
"I": 21,
"DU": 2,
"E": [
{
"ASI": {
"N": "0000",
"M3D": [
0.999847412109375,
-0.0171356201171875,
0.0,
0.0,
0.0171356201171875,
0.999847412109375,
0.0,
0.0,
0.0,
0.0,
1.0,
0.0,
348.6,
-478.55,
0.0,
1.0
]
}
}
]
},
{
"I": 23,
"DU": 3,
"E": [
{
"ASI": {
"N": "0000",
"M3D": [
0.999847412109375,
-0.0171356201171875,
0.0,
0.0,
0.0171356201171875,
0.999847412109375,
0.0,
0.0,
0.0,
0.0,
1.0,
0.0,
357.4,
-486.2,
0.0,
1.0
]
}
}
]
},
{
"I": 26,
"DU": 3,
"E": [
{
"ASI": {
"N": "0000",
"M3D": [
0.999847412109375,
-0.0171356201171875,
0.0,
0.0,
0.0171356201171875,
0.999847412109375,
0.0,
0.0,
0.0,
0.0,
1.0,
0.0,
358.1,
-487.6,
0.0,
1.0
]
}
}
]
},
{
"I": 29,
"DU": 3,
"E": [
{
"ASI": {
"N": "0000",
"M3D": [
0.979248046875,
-0.20257568359375,
0.0,
0.0,
0.20257568359375,
0.979248046875,
0.0,
0.0,
0.0,
0.0,
1.0,
0.0,
348.85,
-471.9,
0.0,
1.0
]
}
}
]
},
{
"I": 32,
"DU": 2,
"E": [
{
"ASI": {
"N": "0000",
"M3D": [
0.979248046875,
-0.20257568359375,
0.0,
0.0,
0.20257568359375,
0.979248046875,
0.0,
0.0,
0.0,
0.0,
1.0,
0.0,
350.15,
-471.1,
0.0,
1.0
]
}
}
]
},
{
"I": 34,
"DU": 2,
"E": [
{
"ASI": {
"N": "0000",
"M3D": [
0.9292449951171875,
-0.369384765625,
0.0,
0.0,
0.369384765625,
0.9292449951171875,
0.0,
0.0,
0.0,
0.0,
1.0,
0.0,
341.75,
-456.25,
0.0,
1.0
]
}
}
]
},
{
"I": 36,
"DU": 2,
"E": [
{
"ASI": {
"N": "0000",
"M3D": [
0.9292449951171875,
-0.369384765625,
0.0,
0.0,
0.369384765625,
0.9292449951171875,
0.0,
0.0,
0.0,
0.0,
1.0,
0.0,
343.55,
-446.4,
0.0,
1.0
]
}
}
]
},
{
"I": 38,
"DU": 2,
"E": [
{
"ASI": {
"N": "0000",
"M3D": [
0.9292449951171875,
-0.369384765625,
0.0,
0.0,
0.369384765625,
0.9292449951171875,
0.0,
0.0,
0.0,
0.0,
1.0,
0.0,
347.25,
-432.35,
0.0,
1.0
]
}
}
]
},
{
"I": 40,
"DU": 1,
"E": [
{
"ASI": {
"N": "0000",
"M3D": [
0.992919921875,
-0.11822509765625,
0.0,
0.0,
0.11822509765625,
0.992919921875,
0.0,
0.0,
0.0,
0.0,
1.0,
0.0,
356.9,
-436.45,
0.0,
1.0
]
}
}
]
},
{
"I": 41,
"DU": 1,
"E": [
{
"ASI": {
"N": "0000",
"M3D": [
0.992584228515625,
0.1209716796875,
0.0,
0.0,
-0.1209716796875,
0.992584228515625,
0.0,
0.0,
0.0,
0.0,
1.0,
0.0,
358.9,
-435.8,
0.0,
1.0
]
}
}
]
},
{
"I": 42,
"DU": 1,
"E": [
{
"ASI": {
"N": "0000",
"M3D": [
0.992584228515625,
0.1209716796875,
0.0,
0.0,
-0.1209716796875,
0.992584228515625,
0.0,
0.0,
0.0,
0.0,
1.0,
0.0,
351.65,
-425.65,
0.0,
1.0
]
}
}
]
},
{
"I": 43,
"DU": 2,
"E": [
{
"ASI": {
"N": "0000",
"M3D": [
0.9793548583984375,
0.2017669677734375,
0.0,
0.0,
-0.2017669677734375,
0.9793548583984375,
0.0,
0.0,
0.0,
0.0,
1.0,
0.0,
350.85,
-428.1,
0.0,
1.0
]
}
}
]
},
{
"I": 45,
"DU": 1,
"E": [
{
"ASI": {
"N": "0000",
"M3D": [
0.99456787109375,
0.1031494140625,
0.0,
0.0,
-0.1031494140625,
0.99456787109375,
0.0,
0.0,
0.0,
0.0,
1.0,
0.0,
330.45,
-435.7,
0.0,
1.0
]
}
}
]
},
{
"I": 46,
"DU": 1,
"E": [
{
"ASI": {
"N": "0000",
"M3D": [
0.99798583984375,
-0.0620269775390625,
0.0,
0.0,
0.0620269775390625,
0.99798583984375,
0.0,
0.0,
0.0,
0.0,
1.0,
0.0,
318.35,
-426.0,
0.0,
1.0
]
}
}
]
},
{
"I": 47,
"DU": 2,
"E": [
{
"ASI": {
"N": "0000",
"M3D": [
0.966705322265625,
-0.2554931640625,
0.0,
0.0,
0.2554931640625,
0.966705322265625,
0.0,
0.0,
0.0,
0.0,
1.0,
0.0,
299.1,
-415.8,
0.0,
1.0
]
}
}
]
},
{
"I": 49,
"DU": 2,
"E": [
{
"ASI": {
"N": "0000",
"M3D": [
0.966705322265625,
-0.2554931640625,
0.0,
0.0,
0.2554931640625,
0.966705322265625,
0.0,
0.0,
0.0,
0.0,
1.0,
0.0,
296.45,
-422.9,
0.0,
1.0
]
}
}
]
},
{
"I": 51,
"DU": 1,
"E": [
{
"ASI": {
"N": "0000",
"M3D": [
0.9394378662109375,
-0.3424072265625,
0.0,
0.0,
0.3424072265625,
0.9394378662109375,
0.0,
0.0,
0.0,
0.0,
1.0,
0.0,
291.85,
-415.65,
0.0,
1.0
]
}
}
]
},
{
"I": 52,
"DU": 3,
"E": [
{
"ASI": {
"N": "0000",
"M3D": [
0.9394378662109375,
-0.3424072265625,
0.0,
0.0,
0.3424072265625,
0.9394378662109375,
0.0,
0.0,
0.0,
0.0,
1.0,
0.0,
283.5,
-418.05,
0.0,
1.0
]
}
}
]
},
{
"I": 55,
"DU": 2,
"E": [
{
"ASI": {
"N": "0000",
"M3D": [
0.9394378662109375,
-0.3424072265625,
0.0,
0.0,
0.3424072265625,
0.9394378662109375,
0.0,
0.0,
0.0,
0.0,
1.0,
0.0,
284.55,
-422.75,
0.0,
1.0
]
}
}
]
},
{
"I": 57,
"DU": 2,
"E": [
{
"ASI": {
"N": "0000",
"M3D": [
0.909759521484375,
-0.41485595703125,
0.0,
0.0,
0.41485595703125,
0.909759521484375,
0.0,
0.0,
0.0,
0.0,
1.0,
0.0,
281.25,
-416.3,
0.0,
1.0
]
}
}
]
},
{
"I": 59,
"DU": 3,
"E": [
{
"ASI": {
"N": "0000",
"M3D": [
0.909759521484375,
-0.41485595703125,
0.0,
0.0,
0.41485595703125,
0.909759521484375,
0.0,
0.0,
0.0,
0.0,
1.0,
0.0,
284.7,
-421.95,
0.0,
1.0
]
}
}
]
},
{
"I": 62,
"DU": 1,
"E": [
{
"ASI": {
"N": "0000",
"M3D": [
0.909759521484375,
-0.41485595703125,
0.0,
0.0,
0.41485595703125,
0.909759521484375,
0.0,
0.0,
0.0,
0.0,
1.0,
0.0,
288.15,
-425.75,
0.0,
1.0
]
}
}
]
},
{
"I": 63,
"DU": 1,
"E": [
{
"ASI": {
"N": "0000",
"M3D": [
0.85516357421875,
-0.518096923828125,
0.0,
0.0,
0.518096923828125,
0.85516357421875,
0.0,
0.0,
0.0,
0.0,
1.0,
0.0,
284.1,
-415.6,
0.0,
1.0
]
}
}
]
},
{
"I": 64,
"DU": 3,
"E": [
{
"ASI": {
"N": "0000",
"M3D": [
0.85516357421875,
-0.518096923828125,
0.0,
0.0,
0.518096923828125,
0.85516357421875,
0.0,
0.0,
0.0,
0.0,
1.0,
0.0,
290.95,
-418.2,
0.0,
1.0
]
}
}
]
},
{
"I": 67,
"DU": 1,
"E": [
{
"ASI": {
"N": "0000",
"M3D": [
0.85516357421875,
-0.518096923828125,
0.0,
0.0,
0.518096923828125,
0.85516357421875,
0.0,
0.0,
0.0,
0.0,
1.0,
0.0,
299.85,
-418.85,
0.0,
1.0
]
}
}
]
},
{
"I": 68,
"DU": 3,
"E": [
{
"ASI": {
"N": "0000",
"M3D": [
0.89862060546875,
-0.43841552734375,
0.0,
0.0,
0.43841552734375,
0.89862060546875,
0.0,
0.0,
0.0,
0.0,
1.0,
0.0,
302.9,
-426.8,
0.0,
1.0
]
}
}
]
},
{
"I": 71,
"DU": 3,
"E": [
{
"ASI": {
"N": "0000",
"M3D": [
0.89862060546875,
-0.43841552734375,
0.0,
0.0,
0.43841552734375,
0.89862060546875,
0.0,
0.0,
0.0,
0.0,
1.0,
0.0,
307.15,
-426.2,
0.0,
1.0
]
}
}
]
},
{
"I": 74,
"DU": 3,
"E": [
{
"ASI": {
"N": "0000",
"M3D": [
0.94659423828125,
-0.32196044921875,
0.0,
0.0,
0.32196044921875,
0.94659423828125,
0.0,
0.0,
0.0,
0.0,
1.0,
0.0,
314.05,
-439.0,
0.0,
1.0
]
}
}
]
},
{
"I": 77,
"DU": 2,
"E": [
{
"ASI": {
"N": "0000",
"M3D": [
0.94659423828125,
-0.32196044921875,
0.0,
0.0,
0.32196044921875,
0.94659423828125,
0.0,
0.0,
0.0,
0.0,
1.0,
0.0,
318.35,
-441.15,
0.0,
1.0
]
}
}
]
},
{
"I": 79,
"DU": 2,
"E": [
{
"ASI": {
"N": "0000",
"M3D": [
0.94659423828125,
-0.32196044921875,
0.0,
0.0,
0.32196044921875,
0.94659423828125,
0.0,
0.0,
0.0,
0.0,
1.0,
0.0,
316.85,
-441.1,
0.0,
1.0
]
}
}
]
},
{
"I": 81,
"DU": 1,
"E": [
{
"ASI": {
"N": "0000",
"M3D": [
0.94659423828125,
-0.32196044921875,
0.0,
0.0,
0.32196044921875,
0.94659423828125,
0.0,
0.0,
0.0,
0.0,
1.0,
0.0,
318.35,
-440.8,
0.0,
1.0
]
}
}
]
},
{
"I": 82,
"DU": 1,
"E": [
{
"ASI": {
"N": "0000",
"M3D": [
0.94659423828125,
-0.32196044921875,
0.0,
0.0,
0.32196044921875,
0.94659423828125,
0.0,
0.0,
0.0,
0.0,
1.0,
0.0,
316.85,
-440.75,
0.0,
1.0
]
}
}
]
},
{
"I": 83,
"DU": 3,
"E": [
{
"ASI": {
"N": "0000",
"M3D": [
0.967681884765625,
-0.2515716552734375,
0.0,
0.0,
0.2515716552734375,
0.967681884765625,
0.0,
0.0,
0.0,
0.0,
1.0,
0.0,
324.35,
-445.6,
0.0,
1.0
]
}
}
]
},
{
"I": 86,
"DU": 2,
"E": [
{
"ASI": {
"N": "0000",
"M3D": [
0.967681884765625,
-0.2515716552734375,
0.0,
0.0,
0.2515716552734375,
0.967681884765625,
0.0,
0.0,
0.0,
0.0,
1.0,
0.0,
327.35,
-444.2,
0.0,
1.0
]
}
}
]
},
{
"I": 88,
"DU": 2,
"E": [
{
"ASI": {
"N": "0000",
"M3D": [
0.98504638671875,
-0.17132568359375,
0.0,
0.0,
0.17132568359375,
0.98504638671875,
0.0,
0.0,
0.0,
0.0,
1.0,
0.0,
332.05,
-450.4,
0.0,
1.0
]
}
}
]
},
{
"I": 90,
"DU": 1,
"E": [
{
"ASI": {
"N": "0000",
"M3D": [
0.98504638671875,
-0.17132568359375,
0.0,
0.0,
0.17132568359375,
0.98504638671875,
0.0,
0.0,
0.0,
0.0,
1.0,
0.0,
337.0,
-449.3,
0.0,
1.0
]
}
}
]
},
{
"I": 91,
"DU": 4,
"E": [
{
"ASI": {
"N": "0000",
"M3D": [
0.9987640380859375,
-0.0462646484375,
0.0,
0.0,
0.0462646484375,
0.9987640380859375,
0.0,
0.0,
0.0,
0.0,
1.0,
0.0,
345.05,
-457.7,
0.0,
1.0
]
}
}
]
},
{
"I": 95,
"DU": 1,
"E": [
{
"ASI": {
"N": "0000",
"M3D": [
1.0,
0.0,
0.0,
0.0,
0.0,
1.0,
0.0,
0.0,
0.0,
0.0,
1.0,
0.0,
349.3,
-457.6,
0.0,
1.0
]
}
}
]
},
{
"I": 96,
"DU": 1,
"E": [
{
"ASI": {
"N": "0001",
"M3D": [
0.91064453125,
0.4100341796875,
0.0,
0.0,
-0.4100341796875,
0.91064453125,
0.0,
0.0,
0.0,
0.0,
1.0,
0.0,
-79.45,
30.2,
0.0,
1.0
]
}
}
]
},
{
"I": 97,
"DU": 1,
"E": [
{
"ASI": {
"N": "0001",
"M3D": [
0.9877777099609375,
-0.1249237060546875,
0.0,
0.0,
0.1249237060546875,
0.9877777099609375,
0.0,
0.0,
0.0,
0.0,
1.0,
0.0,
-202.55,
56.0,
0.0,
1.0
]
}
}
]
},
{
"I": 98,
"DU": 1,
"E": [
{
"ASI": {
"N": "0001",
"M3D": [
0.96307373046875,
-0.248992919921875,
0.0,
0.0,
0.248992919921875,
0.96307373046875,
0.0,
0.0,
0.0,
0.0,
1.0,
0.0,
-297.05,
75.45,
0.0,
1.0
]
}
}
]
},
{
"I": 99,
"DU": 1,
"E": [
{
"ASI": {
"N": "0001",
"M3D": [
0.9033050537109375,
-0.4145050048828125,
0.0,
0.0,
0.4145050048828125,
0.9033050537109375,
0.0,
0.0,
0.0,
0.0,
1.0,
0.0,
-298.75,
94.7,
0.0,
1.0
]
}
}
]
},
{
"I": 100,
"DU": 1,
"E": [
{
"ASI": {
"N": "0001",
"M3D": [
0.8236846923828125,
-0.554962158203125,
0.0,
0.0,
0.554962158203125,
0.8236846923828125,
0.0,
0.0,
0.0,
0.0,
1.0,
0.0,
-337.55,
110.35,
0.0,
1.0
]
}
}
]
},
{
"I": 101,
"DU": 1,
"E": [
{
"ASI": {
"N": "0001",
"M3D": [
0.9896697998046875,
-0.0691986083984375,
0.0,
0.0,
0.0691986083984375,
0.9896697998046875,
0.0,
0.0,
0.0,
0.0,
1.0,
0.0,
-308.75,
65.25,
0.0,
1.0
]
}
}
]
},
{
"I": 102,
"DU": 1,
"E": [
{
"ASI": {
"N": "0001",
"M3D": [
0.9744110107421875,
-0.1855010986328125,
0.0,
0.0,
0.1855010986328125,
0.9744110107421875,
0.0,
0.0,
0.0,
0.0,
1.0,
0.0,
-337.45,
75.8,
0.0,
1.0
]
}
}
]
},
{
"I": 103,
"DU": 1,
"E": [
{
"ASI": {
"N": "0001",
"M3D": [
0.9453887939453125,
-0.2984771728515625,
0.0,
0.0,
0.2984771728515625,
0.9453887939453125,
0.0,
0.0,
0.0,
0.0,
1.0,
0.0,
-331.75,
78.35,
0.0,
1.0
]
}
}
]
},
{
"I": 104,
"DU": 1,
"E": [
{
"ASI": {
"N": "0001",
"M3D": [
0.905059814453125,
-0.4040069580078125,
0.0,
0.0,
0.4040069580078125,
0.905059814453125,
0.0,
0.0,
0.0,
0.0,
1.0,
0.0,
-334.55,
88.95,
0.0,
1.0
]
}
}
]
},
{
"I": 105,
"DU": 1,
"E": [
{
"ASI": {
"N": "0001",
"M3D": [
0.8885955810546875,
-0.439483642578125,
0.0,
0.0,
0.439483642578125,
0.8885955810546875,
0.0,
0.0,
0.0,
0.0,
1.0,
0.0,
-339.6,
91.95,
0.0,
1.0
]
}
}
]
},
{
"I": 106,
"DU": 2,
"E": [
{
"ASI": {
"N": "0001",
"M3D": [
0.9075927734375,
-0.3994903564453125,
0.0,
0.0,
0.3994903564453125,
0.9075927734375,
0.0,
0.0,
0.0,
0.0,
1.0,
0.0,
-333.75,
81.35,
0.0,
1.0
]
}
}
]
},
{
"I": 108,
"DU": 1,
"E": [
{
"ASI": {
"N": "0001",
"M3D": [
0.896148681640625,
-0.423126220703125,
0.0,
0.0,
0.423126220703125,
0.896148681640625,
0.0,
0.0,
0.0,
0.0,
1.0,
0.0,
-314.0,
66.75,
0.0,
1.0
]
}
}
]
},
{
"I": 109,
"DU": 1,
"E": [
{
"ASI": {
"N": "0001",
"M3D": [
0.9188232421875,
-0.3712005615234375,
0.0,
0.0,
0.3712005615234375,
0.9188232421875,
0.0,
0.0,
0.0,
0.0,
1.0,
0.0,
-287.65,
48.55,
0.0,
1.0
]
}
}
]
},
{
"I": 110,
"DU": 2,
"E": [
{
"ASI": {
"N": "0001",
"M3D": [
0.918670654296875,
-0.370819091796875,
0.0,
0.0,
0.370819091796875,
0.918670654296875,
0.0,
0.0,
0.0,
0.0,
1.0,
0.0,
-277.8,
31.7,
0.0,
1.0
]
}
}
]
},
{
"I": 112,
"DU": 1,
"E": [
{
"ASI": {
"N": "0001",
"M3D": [
0.90301513671875,
-0.40679931640625,
0.0,
0.0,
0.40679931640625,
0.90301513671875,
0.0,
0.0,
0.0,
0.0,
1.0,
0.0,
-274.85,
34.35,
0.0,
1.0
]
}
}
]
},
{
"I": 113,
"DU": 1,
"E": [
{
"ASI": {
"N": "0001",
"M3D": [
0.8447723388671875,
-0.51513671875,
0.0,
0.0,
0.51513671875,
0.8447723388671875,
0.0,
0.0,
0.0,
0.0,
1.0,
0.0,
-263.55,
40.3,
0.0,
1.0
]
}
}
]
},
{
"I": 114,
"DU": 1,
"E": [
{
"ASI": {
"N": "0001",
"M3D": [
0.833099365234375,
-0.5335540771484375,
0.0,
0.0,
0.5335540771484375,
0.833099365234375,
0.0,
0.0,
0.0,
0.0,
1.0,
0.0,
-265.95,
41.55,
0.0,
1.0
]
}
}
]
},
{
"I": 115,
"DU": 2,
"E": [
{
"ASI": {
"N": "0001",
"M3D": [
0.904022216796875,
-0.39984130859375,
0.0,
0.0,
0.39984130859375,
0.904022216796875,
0.0,
0.0,
0.0,
0.0,
1.0,
0.0,
-259.35,
27.75,
0.0,
1.0
]
}
}
]
},
{
"I": 117,
"DU": 3,
"E": [
{
"ASI": {
"N": "0001",
"M3D": [
0.953338623046875,
-0.2576446533203125,
0.0,
0.0,
0.2576446533203125,
0.953338623046875,
0.0,
0.0,
0.0,
0.0,
1.0,
0.0,
-247.8,
9.8,
0.0,
1.0
]
}
}
]
},
{
"I": 120,
"DU": 1,
"E": [
{
"ASI": {
"N": "0002",
"M3D": [
0.9155731201171875,
0.3032989501953125,
0.0,
0.0,
-0.3032989501953125,
0.9155731201171875,
0.0,
0.0,
0.0,
0.0,
1.0,
0.0,
84.1,
529.15,
0.0,
1.0
]
}
}
]
},
{
"I": 121,
"DU": 1,
"E": [
{
"ASI": {
"N": "0002",
"M3D": [
0.960693359375,
0.0809478759765625,
0.0,
0.0,
-0.0809478759765625,
0.960693359375,
0.0,
0.0,
0.0,
0.0,
1.0,
0.0,
84.7,
632.1,
0.0,
1.0
]
}
}
]
},
{
"I": 122,
"DU": 1,
"E": [
{
"ASI": {
"N": "0002",
"M3D": [
0.8138275146484375,
0.5139617919921875,
0.0,
0.0,
-0.5139617919921875,
0.8138275146484375,
0.0,
0.0,
0.0,
0.0,
1.0,
0.0,
80.8,
637.9,
0.0,
1.0
]
}
}
]
},
{
"I": 123,
"DU": 1,
"E": [
{
"ASI": {
"N": "0002",
"M3D": [
0.9344024658203125,
0.229766845703125,
0.0,
0.0,
-0.229766845703125,
0.9344024658203125,
0.0,
0.0,
0.0,
0.0,
1.0,
0.0,
57.75,
654.35,
0.0,
1.0
]
}
}
]
},
{
"I": 124,
"DU": 1,
"E": [
{
"ASI": {
"N": "0002",
"M3D": [
0.722015380859375,
0.63458251953125,
0.0,
0.0,
-0.63458251953125,
0.722015380859375,
0.0,
0.0,
0.0,
0.0,
1.0,
0.0,
67.15,
642.7,
0.0,
1.0
]
}
}
]
},
{
"I": 125,
"DU": 1,
"E": [
{
"ASI": {
"N": "0002",
"M3D": [
0.923187255859375,
0.265869140625,
0.0,
0.0,
-0.265869140625,
0.923187255859375,
0.0,
0.0,
0.0,
0.0,
1.0,
0.0,
37.4,
662.65,
0.0,
1.0
]
}
}
]
},
{
"I": 126,
"DU": 1,
"E": [
{
"ASI": {
"N": "0002",
"M3D": [
0.742828369140625,
0.6085205078125,
0.0,
0.0,
-0.6085205078125,
0.742828369140625,
0.0,
0.0,
0.0,
0.0,
1.0,
0.0,
56.65,
639.3,
0.0,
1.0
]
}
}
]
},
{
"I": 127,
"DU": 1,
"E": [
{
"ASI": {
"N": "0002",
"M3D": [
0.788360595703125,
0.547760009765625,
0.0,
0.0,
-0.547760009765625,
0.788360595703125,
0.0,
0.0,
0.0,
0.0,
1.0,
0.0,
44.4,
641.55,
0.0,
1.0
]
}
}
]
},
{
"I": 128,
"DU": 1,
"E": [
{
"ASI": {
"N": "0002",
"M3D": [
0.8110198974609375,
0.5127716064453125,
0.0,
0.0,
-0.5127716064453125,
0.8110198974609375,
0.0,
0.0,
0.0,
0.0,
1.0,
0.0,
36.15,
639.3,
0.0,
1.0
]
}
}
]
},
{
"I": 129,
"DU": 1,
"E": [
{
"ASI": {
"N": "0002",
"M3D": [
0.8263397216796875,
0.487518310546875,
0.0,
0.0,
-0.487518310546875,
0.8263397216796875,
0.0,
0.0,
0.0,
0.0,
1.0,
0.0,
34.95,
640.95,
0.0,
1.0
]
}
}
]
},
{
"I": 130,
"DU": 1,
"E": [
{
"ASI": {
"N": "0002",
"M3D": [
0.8345489501953125,
0.473114013671875,
0.0,
0.0,
-0.473114013671875,
0.8345489501953125,
0.0,
0.0,
0.0,
0.0,
1.0,
0.0,
26.55,
628.25,
0.0,
1.0
]
}
}
]
},
{
"I": 131,
"DU": 1,
"E": [
{
"ASI": {
"N": "0002",
"M3D": [
0.8066558837890625,
0.5186920166015625,
0.0,
0.0,
-0.5186920166015625,
0.8066558837890625,
0.0,
0.0,
0.0,
0.0,
1.0,
0.0,
30.9,
626.1,
0.0,
1.0
]
}
}
]
},
{
"I": 132,
"DU": 1,
"E": [
{
"ASI": {
"N": "0002",
"M3D": [
0.840972900390625,
0.460693359375,
0.0,
0.0,
-0.460693359375,
0.840972900390625,
0.0,
0.0,
0.0,
0.0,
1.0,
0.0,
32.95,
624.5,
0.0,
1.0
]
}
}
]
},
{
"I": 133,
"DU": 3,
"E": [
{
"ASI": {
"N": "0002",
"M3D": [
0.8429412841796875,
0.4570770263671875,
0.0,
0.0,
-0.4570770263671875,
0.8429412841796875,
0.0,
0.0,
0.0,
0.0,
1.0,
0.0,
26.45,
616.65,
0.0,
1.0
]
}
}
]
},
{
"I": 136,
"DU": 5,
"E": [
{
"ASI": {
"N": "0002",
"M3D": [
0.863494873046875,
0.416717529296875,
0.0,
0.0,
-0.416717529296875,
0.863494873046875,
0.0,
0.0,
0.0,
0.0,
1.0,
0.0,
34.05,
606.45,
0.0,
1.0
]
}
}
]
},
{
"I": 141,
"DU": 3,
"E": [
{
"ASI": {
"N": "0002",
"M3D": [
0.8724212646484375,
0.3974761962890625,
0.0,
0.0,
-0.3974761962890625,
0.8724212646484375,
0.0,
0.0,
0.0,
0.0,
1.0,
0.0,
41.0,
603.05,
0.0,
1.0
]
}
}
]
},
{
"I": 144,
"DU": 1,
"E": [
{
"ASI": {
"N": "0003",
"M3D": [
0.9988250732421875,
-0.02813720703125,
0.0,
0.0,
0.02813720703125,
0.9988250732421875,
0.0,
0.0,
0.0,
0.0,
1.0,
0.0,
221.95,
-1170.5,
0.0,
1.0
]
}
}
]
},
{
"I": 145,
"DU": 1,
"E": [
{
"ASI": {
"N": "0003",
"M3D": [
0.9726715087890625,
-0.2249298095703125,
0.0,
0.0,
0.2249298095703125,
0.9726715087890625,
0.0,
0.0,
0.0,
0.0,
1.0,
0.0,
162.05,
-1178.4,
0.0,
1.0
]
}
}
]
},
{
"I": 146,
"DU": 1,
"E": [
{
"ASI": {
"N": "0003",
"M3D": [
0.944427490234375,
-0.3215484619140625,
0.0,
0.0,
0.3215484619140625,
0.944427490234375,
0.0,
0.0,
0.0,
0.0,
1.0,
0.0,
131.15,
-1172.95,
0.0,
1.0
]
}
}
]
},
{
"I": 147,
"DU": 1,
"E": [
{
"ASI": {
"N": "0003",
"M3D": [
0.9586181640625,
-0.2757110595703125,
0.0,
0.0,
0.2757110595703125,
0.9586181640625,
0.0,
0.0,
0.0,
0.0,
1.0,
0.0,
113.05,
-1180.55,
0.0,
1.0
]
}
}
]
},
{
"I": 148,
"DU": 1,
"E": [
{
"ASI": {
"N": "0003",
"M3D": [
0.9286346435546875,
-0.362457275390625,
0.0,
0.0,
0.362457275390625,
0.9286346435546875,
0.0,
0.0,
0.0,
0.0,
1.0,
0.0,
97.5,
-1161.75,
0.0,
1.0
]
}
}
]
},
{
"I": 149,
"DU": 2,
"E": [
{
"ASI": {
"N": "0003",
"M3D": [
0.955474853515625,
-0.283966064453125,
0.0,
0.0,
0.283966064453125,
0.955474853515625,
0.0,
0.0,
0.0,
0.0,
1.0,
0.0,
103.8,
-1177.65,
0.0,
1.0
]
}
}
]
},
{
"I": 151,
"DU": 2,
"E": [
{
"ASI": {
"N": "0003",
"M3D": [
0.9446563720703125,
-0.3169708251953125,
0.0,
0.0,
0.3169708251953125,
0.9446563720703125,
0.0,
0.0,
0.0,
0.0,
1.0,
0.0,
106.85,
-1159.85,
0.0,
1.0
]
}
}
]
},
{
"I": 153,
"DU": 2,
"E": [
{
"ASI": {
"N": "0003",
"M3D": [
0.9633331298828125,
-0.2542877197265625,
0.0,
0.0,
0.2542877197265625,
0.9633331298828125,
0.0,
0.0,
0.0,
0.0,
1.0,
0.0,
112.45,
-1172.25,
0.0,
1.0
]
}
}
]
},
{
"I": 155,
"DU": 2,
"E": [
{
"ASI": {
"N": "0003",
"M3D": [
0.95220947265625,
-0.2918701171875,
0.0,
0.0,
0.2918701171875,
0.95220947265625,
0.0,
0.0,
0.0,
0.0,
1.0,
0.0,
127.05,
-1162.15,
0.0,
1.0
]
}
}
]
},
{
"I": 157,
"DU": 2,
"E": [
{
"ASI": {
"N": "0003",
"M3D": [
0.9755706787109375,
-0.199951171875,
0.0,
0.0,
0.199951171875,
0.9755706787109375,
0.0,
0.0,
0.0,
0.0,
1.0,
0.0,
154.35,
-1175.75,
0.0,
1.0
]
}
}
]
},
{
"I": 159,
"DU": 2,
"E": [
{
"ASI": {
"N": "0003",
"M3D": [
0.9889068603515625,
-0.1139984130859375,
0.0,
0.0,
0.1139984130859375,
0.9889068603515625,
0.0,
0.0,
0.0,
0.0,
1.0,
0.0,
198.05,
-1182.45,
0.0,
1.0
]
}
}
]
},
{
"I": 161,
"DU": 2,
"E": [
{
"ASI": {
"N": "0003",
"M3D": [
0.9939422607421875,
-0.0488433837890625,
0.0,
0.0,
0.0488433837890625,
0.9939422607421875,
0.0,
0.0,
0.0,
0.0,
1.0,
0.0,
218.6,
-1185.8,
0.0,
1.0
]
}
}
]
},
{
"I": 163,
"DU": 5,
"E": [
{
"ASI": {
"N": "0003",
"M3D": [
0.9949951171875,
0.030364990234375,
0.0,
0.0,
-0.030364990234375,
0.9949951171875,
0.0,
0.0,
0.0,
0.0,
1.0,
0.0,
252.4,
-1184.55,
0.0,
1.0
]
}
}
]
},
{
"I": 168,
"DU": 1,
"E": [
{
"ASI": {
"N": "0004",
"M3D": [
1.0,
0.0,
0.0,
0.0,
0.0,
1.0,
0.0,
0.0,
0.0,
0.0,
1.0,
0.0,
1049.0,
56.0,
0.0,
1.0
]
}
}
]
},
{
"I": 169,
"DU": 1,
"E": [
{
"ASI": {
"N": "0004",
"M3D": [
0.9932861328125,
0.1089935302734375,
0.0,
0.0,
-0.1089935302734375,
0.9932861328125,
0.0,
0.0,
0.0,
0.0,
1.0,
0.0,
1152.95,
95.5,
0.0,
1.0
]
}
}
]
},
{
"I": 170,
"DU": 1,
"E": [
{
"ASI": {
"N": "0004",
"M3D": [
0.8069915771484375,
0.186737060546875,
0.0,
0.0,
-0.22509765625,
0.9726409912109375,
0.0,
0.0,
0.0,
0.0,
1.0,
0.0,
1229.5,
128.0,
0.0,
1.0
]
}
}
]
},
{
"I": 171,
"DU": 1,
"E": [
{
"ASI": {
"N": "0004",
"M3D": [
0.8254241943359375,
0.0689239501953125,
0.0,
0.0,
-0.0830841064453125,
0.9948577880859375,
0.0,
0.0,
0.0,
0.0,
1.0,
0.0,
1218.35,
122.1,
0.0,
1.0
]
}
}
]
},
{
"I": 172,
"DU": 1,
"E": [
{
"ASI": {
"N": "0004",
"M3D": [
0.6601104736328125,
0.189727783203125,
0.0,
0.0,
-0.27569580078125,
0.9590301513671875,
0.0,
0.0,
0.0,
0.0,
1.0,
0.0,
1251.45,
149.9,
0.0,
1.0
]
}
}
]
},
{
"I": 173,
"DU": 1,
"E": [
{
"ASI": {
"N": "0004",
"M3D": [
0.6474151611328125,
0.2290191650390625,
0.0,
0.0,
-0.3328094482421875,
0.94061279296875,
0.0,
0.0,
0.0,
0.0,
1.0,
0.0,
1255.8,
135.65,
0.0,
1.0
]
}
}
]
},
{
"I": 174,
"DU": 1,
"E": [
{
"ASI": {
"N": "0004",
"M3D": [
0.66436767578125,
0.171478271484375,
0.0,
0.0,
-0.2491912841796875,
0.965240478515625,
0.0,
0.0,
0.0,
0.0,
1.0,
0.0,
1246.55,
156.1,
0.0,
1.0
]
}
}
]
},
{
"I": 175,
"DU": 2,
"E": [
{
"ASI": {
"N": "0004",
"M3D": [
0.6140899658203125,
0.305694580078125,
0.0,
0.0,
-0.444183349609375,
0.8922271728515625,
0.0,
0.0,
0.0,
0.0,
1.0,
0.0,
1253.0,
158.0,
0.0,
1.0
]
}
}
]
},
{
"I": 177,
"DU": 2,
"E": [
{
"ASI": {
"N": "0004",
"M3D": [
0.6996307373046875,
0.424041748046875,
0.0,
0.0,
-0.5163116455078125,
0.85174560546875,
0.0,
0.0,
0.0,
0.0,
1.0,
0.0,
1241.2,
175.05,
0.0,
1.0
]
}
}
]
},
{
"I": 179,
"DU": 2,
"E": [
{
"ASI": {
"N": "0004",
"M3D": [
0.720458984375,
0.387542724609375,
0.0,
0.0,
-0.4718780517578125,
0.8770904541015625,
0.0,
0.0,
0.0,
0.0,
1.0,
0.0,
1231.45,
168.5,
0.0,
1.0
]
}
}
]
},
{
"I": 181,
"DU": 3,
"E": [
{
"ASI": {
"N": "0004",
"M3D": [
0.7892608642578125,
0.3886260986328125,
0.0,
0.0,
-0.439697265625,
0.8927764892578125,
0.0,
0.0,
0.0,
0.0,
1.0,
0.0,
1210.6,
167.1,
0.0,
1.0
]
}
}
]
},
{
"I": 184,
"DU": 2,
"E": [
{
"ASI": {
"N": "0004",
"M3D": [
0.811187744140625,
0.3403472900390625,
0.0,
0.0,
-0.385101318359375,
0.9175872802734375,
0.0,
0.0,
0.0,
0.0,
1.0,
0.0,
1198.45,
147.9,
0.0,
1.0
]
}
}
]
},
{
"I": 186,
"DU": 3,
"E": [
{
"ASI": {
"N": "0004",
"M3D": [
0.88275146484375,
0.220489501953125,
0.0,
0.0,
-0.2411651611328125,
0.96514892578125,
0.0,
0.0,
0.0,
0.0,
1.0,
0.0,
1174.65,
134.0,
0.0,
1.0
]
}
}
]
},
{
"I": 189,
"DU": 3,
"E": [
{
"ASI": {
"N": "0004",
"M3D": [
0.8930816650390625,
0.1735687255859375,
0.0,
0.0,
-0.189849853515625,
0.9764556884765625,
0.0,
0.0,
0.0,
0.0,
1.0,
0.0,
1160.3,
122.25,
0.0,
1.0
]
}
}
]
}
]
},
{
"LN": "Head",
"FR": [
{
"I": 0,
"DU": 1,
"E": [
{
"ASI": {
"N": "0005",
"M3D": [
0.9915618896484375,
-0.12957763671875,
0.0,
0.0,
0.12957763671875,
0.9915618896484375,
0.0,
0.0,
0.0,
0.0,
1.0,
0.0,
244.0,
-478.95,
0.0,
1.0
]
}
}
]
},
{
"I": 1,
"DU": 3,
"E": [
{
"ASI": {
"N": "0005",
"M3D": [
0.995849609375,
-0.09088134765625,
0.0,
0.0,
0.09088134765625,
0.995849609375,
0.0,
0.0,
0.0,
0.0,
1.0,
0.0,
246.75,
-479.1,
0.0,
1.0
]
}
}
]
},
{
"I": 4,
"DU": 2,
"E": [
{
"ASI": {
"N": "0005",
"M3D": [
0.99981689453125,
-0.0177459716796875,
0.0,
0.0,
0.0177459716796875,
0.99981689453125,
0.0,
0.0,
0.0,
0.0,
1.0,
0.0,
251.65,
-467.2,
0.0,
1.0
]
}
}
]
},
{
"I": 6,
"DU": 1,
"E": [
{
"ASI": {
"N": "0005",
"M3D": [
0.99542236328125,
-0.0953369140625,
0.0,
0.0,
0.0953369140625,
0.99542236328125,
0.0,
0.0,
0.0,
0.0,
1.0,
0.0,
230.8,
-439.75,
0.0,
1.0
]
}
}
]
},
{
"I": 7,
"DU": 1,
"E": [
{
"ASI": {
"N": "0005",
"M3D": [
0.998809814453125,
-0.0482635498046875,
0.0,
0.0,
0.0482635498046875,
0.998809814453125,
0.0,
0.0,
0.0,
0.0,
1.0,
0.0,
236.8,
-439.2,
0.0,
1.0
]
}
}
]
},
{
"I": 8,
"DU": 2,
"E": [
{
"ASI": {
"N": "0005",
"M3D": [
0.9919891357421875,
-0.1260833740234375,
0.0,
0.0,
0.1260833740234375,
0.9919891357421875,
0.0,
0.0,
0.0,
0.0,
1.0,
0.0,
218.3,
-428.95,
0.0,
1.0
]
}
}
]
},
{
"I": 10,
"DU": 3,
"E": [
{
"ASI": {
"N": "0005",
"M3D": [
0.9877166748046875,
-0.156005859375,
0.0,
0.0,
0.156005859375,
0.9877166748046875,
0.0,
0.0,
0.0,
0.0,
1.0,
0.0,
210.1,
-424.75,
0.0,
1.0
]
}
}
]
},
{
"I": 13,
"DU": 2,
"E": [
{
"ASI": {
"N": "0005",
"M3D": [
0.97918701171875,
-0.2027587890625,
0.0,
0.0,
0.2027587890625,
0.97918701171875,
0.0,
0.0,
0.0,
0.0,
1.0,
0.0,
204.75,
-436.1,
0.0,
1.0
]
}
}
]
},
{
"I": 15,
"DU": 1,
"E": [
{
"ASI": {
"N": "0005",
"M3D": [
0.990264892578125,
-0.138824462890625,
0.0,
0.0,
0.138824462890625,
0.990264892578125,
0.0,
0.0,
0.0,
0.0,
1.0,
0.0,
218.8,
-464.4,
0.0,
1.0
]
}
}
]
},
{
"I": 16,
"DU": 2,
"E": [
{
"ASI": {
"N": "0005",
"M3D": [
0.9964599609375,
-0.0833892822265625,
0.0,
0.0,
0.0833892822265625,
0.9964599609375,
0.0,
0.0,
0.0,
0.0,
1.0,
0.0,
237.0,
-490.45,
0.0,
1.0
]
}
}
]
},
{
"I": 18,
"DU": 3,
"E": [
{
"ASI": {
"N": "0005",
"M3D": [
0.99945068359375,
-0.0313568115234375,
0.0,
0.0,
0.0313568115234375,
0.99945068359375,
0.0,
0.0,
0.0,
0.0,
1.0,
0.0,
254.55,
-516.7,
0.0,
1.0
]
}
}
]
},
{
"I": 21,
"DU": 2,
"E": [
{
"ASI": {
"N": "0005",
"M3D": [
0.99945068359375,
-0.0313568115234375,
0.0,
0.0,
0.0313568115234375,
0.99945068359375,
0.0,
0.0,
0.0,
0.0,
1.0,
0.0,
254.55,
-516.7,
0.0,
1.0
]
}
}
]
},
{
"I": 23,
"DU": 3,
"E": [
{
"ASI": {
"N": "0005",
"M3D": [
0.997772216796875,
-0.0657958984375,
0.0,
0.0,
0.0657958984375,
0.997772216796875,
0.0,
0.0,
0.0,
0.0,
1.0,
0.0,
259.7,
-518.95,
0.0,
1.0
]
}
}
]
},
{
"I": 26,
"DU": 3,
"E": [
{
"ASI": {
"N": "0005",
"M3D": [
0.99493408203125,
-0.0997161865234375,
0.0,
0.0,
0.0997161865234375,
0.99493408203125,
0.0,
0.0,
0.0,
0.0,
1.0,
0.0,
256.95,
-514.85,
0.0,
1.0
]
}
}
]
},
{
"I": 29,
"DU": 3,
"E": [
{
"ASI": {
"N": "0005",
"M3D": [
0.984893798828125,
-0.172698974609375,
0.0,
0.0,
0.172698974609375,
0.984893798828125,
0.0,
0.0,
0.0,
0.0,
1.0,
0.0,
252.9,
-499.7,
0.0,
1.0
]
}
}
]
},
{
"I": 32,
"DU": 2,
"E": [
{
"ASI": {
"N": "0005",
"M3D": [
0.9726409912109375,
-0.23193359375,
0.0,
0.0,
0.23193359375,
0.9726409912109375,
0.0,
0.0,
0.0,
0.0,
1.0,
0.0,
249.3,
-488.45,
0.0,
1.0
]
}
}
]
},
{
"I": 34,
"DU": 2,
"E": [
{
"ASI": {
"N": "0005",
"M3D": [
0.9604339599609375,
-0.2781829833984375,
0.0,
0.0,
0.2781829833984375,
0.9604339599609375,
0.0,
0.0,
0.0,
0.0,
1.0,
0.0,
246.45,
-478.7,
0.0,
1.0
]
}
}
]
},
{
"I": 36,
"DU": 2,
"E": [
{
"ASI": {
"N": "0005",
"M3D": [
0.9489593505859375,
-0.315093994140625,
0.0,
0.0,
0.315093994140625,
0.9489593505859375,
0.0,
0.0,
0.0,
0.0,
1.0,
0.0,
245.8,
-461.95,
0.0,
1.0
]
}
}
]
},
{
"I": 38,
"DU": 2,
"E": [
{
"ASI": {
"N": "0005",
"M3D": [
0.964080810546875,
-0.265228271484375,
0.0,
0.0,
0.265228271484375,
0.964080810546875,
0.0,
0.0,
0.0,
0.0,
1.0,
0.0,
252.8,
-457.2,
0.0,
1.0
]
}
}
]
},
{
"I": 40,
"DU": 1,
"E": [
{
"ASI": {
"N": "0005",
"M3D": [
0.981292724609375,
-0.1918792724609375,
0.0,
0.0,
0.1918792724609375,
0.981292724609375,
0.0,
0.0,
0.0,
0.0,
1.0,
0.0,
253.95,
-454.85,
0.0,
1.0
]
}
}
]
},
{
"I": 41,
"DU": 1,
"E": [
{
"ASI": {
"N": "0005",
"M3D": [
0.9886474609375,
-0.149383544921875,
0.0,
0.0,
0.149383544921875,
0.9886474609375,
0.0,
0.0,
0.0,
0.0,
1.0,
0.0,
242.85,
-447.0,
0.0,
1.0
]
}
}
]
},
{
"I": 42,
"DU": 1,
"E": [
{
"ASI": {
"N": "0005",
"M3D": [
0.99664306640625,
-0.0802001953125,
0.0,
0.0,
0.0802001953125,
0.99664306640625,
0.0,
0.0,
0.0,
0.0,
1.0,
0.0,
242.2,
-448.3,
0.0,
1.0
]
}
}
]
},
{
"I": 43,
"DU": 2,
"E": [
{
"ASI": {
"N": "0005",
"M3D": [
0.9927978515625,
-0.1186370849609375,
0.0,
0.0,
0.1186370849609375,
0.9927978515625,
0.0,
0.0,
0.0,
0.0,
1.0,
0.0,
230.9,
-440.75,
0.0,
1.0
]
}
}
]
},
{
"I": 45,
"DU": 2,
"E": [
{
"ASI": {
"N": "0005",
"M3D": [
0.9888153076171875,
-0.1481170654296875,
0.0,
0.0,
0.1481170654296875,
0.9888153076171875,
0.0,
0.0,
0.0,
0.0,
1.0,
0.0,
215.55,
-448.05,
0.0,
1.0
]
}
}
]
},
{
"I": 47,
"DU": 2,
"E": [
{
"ASI": {
"N": "0005",
"M3D": [
0.96820068359375,
-0.24945068359375,
0.0,
0.0,
0.24945068359375,
0.96820068359375,
0.0,
0.0,
0.0,
0.0,
1.0,
0.0,
199.8,
-433.95,
0.0,
1.0
]
}
}
]
},
{
"I": 49,
"DU": 3,
"E": [
{
"ASI": {
"N": "0005",
"M3D": [
0.95794677734375,
-0.2863006591796875,
0.0,
0.0,
0.2863006591796875,
0.95794677734375,
0.0,
0.0,
0.0,
0.0,
1.0,
0.0,
194.5,
-434.25,
0.0,
1.0
]
}
}
]
},
{
"I": 52,
"DU": 3,
"E": [
{
"ASI": {
"N": "0005",
"M3D": [
0.9461517333984375,
-0.3231048583984375,
0.0,
0.0,
0.3231048583984375,
0.9461517333984375,
0.0,
0.0,
0.0,
0.0,
1.0,
0.0,
183.8,
-429.7,
0.0,
1.0
]
}
}
]
},
{
"I": 55,
"DU": 4,
"E": [
{
"ASI": {
"N": "0005",
"M3D": [
0.935943603515625,
-0.3515625,
0.0,
0.0,
0.3515625,
0.935943603515625,
0.0,
0.0,
0.0,
0.0,
1.0,
0.0,
183.15,
-428.9,
0.0,
1.0
]
}
}
]
},
{
"I": 59,
"DU": 3,
"E": [
{
"ASI": {
"N": "0005",
"M3D": [
0.923431396484375,
-0.383209228515625,
0.0,
0.0,
0.383209228515625,
0.923431396484375,
0.0,
0.0,
0.0,
0.0,
1.0,
0.0,
184.9,
-428.3,
0.0,
1.0
]
}
}
]
},
{
"I": 62,
"DU": 2,
"E": [
{
"ASI": {
"N": "0005",
"M3D": [
0.9183349609375,
-0.3951416015625,
0.0,
0.0,
0.3951416015625,
0.9183349609375,
0.0,
0.0,
0.0,
0.0,
1.0,
0.0,
187.75,
-429.7,
0.0,
1.0
]
}
}
]
},
{
"I": 64,
"DU": 3,
"E": [
{
"ASI": {
"N": "0005",
"M3D": [
0.9263916015625,
-0.375823974609375,
0.0,
0.0,
0.375823974609375,
0.9263916015625,
0.0,
0.0,
0.0,
0.0,
1.0,
0.0,
195.6,
-436.15,
0.0,
1.0
]
}
}
]
},
{
"I": 67,
"DU": 4,
"E": [
{
"ASI": {
"N": "0005",
"M3D": [
0.9407196044921875,
-0.33837890625,
0.0,
0.0,
0.33837890625,
0.9407196044921875,
0.0,
0.0,
0.0,
0.0,
1.0,
0.0,
206.55,
-444.15,
0.0,
1.0
]
}
}
]
},
{
"I": 71,
"DU": 3,
"E": [
{
"ASI": {
"N": "0005",
"M3D": [
0.948974609375,
-0.314453125,
0.0,
0.0,
0.314453125,
0.948974609375,
0.0,
0.0,
0.0,
0.0,
1.0,
0.0,
212.3,
-448.15,
0.0,
1.0
]
}
}
]
},
{
"I": 74,
"DU": 3,
"E": [
{
"ASI": {
"N": "0005",
"M3D": [
0.956787109375,
-0.289764404296875,
0.0,
0.0,
0.289764404296875,
0.956787109375,
0.0,
0.0,
0.0,
0.0,
1.0,
0.0,
215.4,
-454.95,
0.0,
1.0
]
}
}
]
},
{
"I": 77,
"DU": 2,
"E": [
{
"ASI": {
"N": "0005",
"M3D": [
0.963958740234375,
-0.2648773193359375,
0.0,
0.0,
0.2648773193359375,
0.963958740234375,
0.0,
0.0,
0.0,
0.0,
1.0,
0.0,
221.45,
-461.7,
0.0,
1.0
]
}
}
]
},
{
"I": 79,
"DU": 2,
"E": [
{
"ASI": {
"N": "0005",
"M3D": [
0.956787109375,
-0.289764404296875,
0.0,
0.0,
0.289764404296875,
0.956787109375,
0.0,
0.0,
0.0,
0.0,
1.0,
0.0,
218.2,
-457.05,
0.0,
1.0
]
}
}
]
},
{
"I": 81,
"DU": 1,
"E": [
{
"ASI": {
"N": "0005",
"M3D": [
0.963958740234375,
-0.2648773193359375,
0.0,
0.0,
0.2648773193359375,
0.963958740234375,
0.0,
0.0,
0.0,
0.0,
1.0,
0.0,
221.45,
-461.35,
0.0,
1.0
]
}
}
]
},
{
"I": 82,
"DU": 1,
"E": [
{
"ASI": {
"N": "0005",
"M3D": [
0.956787109375,
-0.289764404296875,
0.0,
0.0,
0.289764404296875,
0.956787109375,
0.0,
0.0,
0.0,
0.0,
1.0,
0.0,
218.2,
-456.7,
0.0,
1.0
]
}
}
]
},
{
"I": 83,
"DU": 3,
"E": [
{
"ASI": {
"N": "0005",
"M3D": [
0.963958740234375,
-0.2648773193359375,
0.0,
0.0,
0.2648773193359375,
0.963958740234375,
0.0,
0.0,
0.0,
0.0,
1.0,
0.0,
223.55,
-460.65,
0.0,
1.0
]
}
}
]
},
{
"I": 86,
"DU": 4,
"E": [
{
"ASI": {
"N": "0005",
"M3D": [
0.974639892578125,
-0.22247314453125,
0.0,
0.0,
0.22247314453125,
0.974639892578125,
0.0,
0.0,
0.0,
0.0,
1.0,
0.0,
229.75,
-466.95,
0.0,
1.0
]
}
}
]
},
{
"I": 90,
"DU": 5,
"E": [
{
"ASI": {
"N": "0005",
"M3D": [
0.986968994140625,
-0.15899658203125,
0.0,
0.0,
0.15899658203125,
0.986968994140625,
0.0,
0.0,
0.0,
0.0,
1.0,
0.0,
240.05,
-476.95,
0.0,
1.0
]
}
}
]
},
{
"I": 95,
"DU": 1,
"E": [
{
"ASI": {
"N": "0005",
"M3D": [
0.9915618896484375,
-0.12957763671875,
0.0,
0.0,
0.12957763671875,
0.9915618896484375,
0.0,
0.0,
0.0,
0.0,
1.0,
0.0,
244.1,
-478.85,
0.0,
1.0
]
}
}
]
},
{
"I": 96,
"DU": 1,
"E": [
{
"ASI": {
"N": "0006",
"M3D": [
0.9998321533203125,
0.000030517578125,
0.0,
0.0,
-0.000030517578125,
0.9998321533203125,
0.0,
0.0,
0.0,
0.0,
1.0,
0.0,
-227.0,
15.95,
0.0,
1.0
]
}
}
]
},
{
"I": 97,
"DU": 1,
"E": [
{
"ASI": {
"N": "0006",
"M3D": [
0.9477691650390625,
-0.3176116943359375,
0.0,
0.0,
0.3176116943359375,
0.9477691650390625,
0.0,
0.0,
0.0,
0.0,
1.0,
0.0,
-330.9,
73.0,
0.0,
1.0
]
}
}
]
},
{
"I": 98,
"DU": 1,
"E": [
{
"ASI": {
"N": "0006",
"M3D": [
0.8996429443359375,
-0.435272216796875,
0.0,
0.0,
0.435272216796875,
0.8996429443359375,
0.0,
0.0,
0.0,
0.0,
1.0,
0.0,
-422.25,
108.65,
0.0,
1.0
]
}
}
]
},
{
"I": 99,
"DU": 1,
"E": [
{
"ASI": {
"N": "0006",
"M3D": [
0.9337615966796875,
-0.356048583984375,
0.0,
0.0,
0.356048583984375,
0.9337615966796875,
0.0,
0.0,
0.0,
0.0,
1.0,
0.0,
-413.3,
93.55,
0.0,
1.0
]
}
}
]
},
{
"I": 100,
"DU": 1,
"E": [
{
"ASI": {
"N": "0006",
"M3D": [
0.8610687255859375,
-0.5068359375,
0.0,
0.0,
0.5068359375,
0.8610687255859375,
0.0,
0.0,
0.0,
0.0,
1.0,
0.0,
-450.85,
128.85,
0.0,
1.0
]
}
}
]
},
{
"I": 101,
"DU": 1,
"E": [
{
"ASI": {
"N": "0006",
"M3D": [
0.8907318115234375,
-0.4524383544921875,
0.0,
0.0,
0.4524383544921875,
0.8907318115234375,
0.0,
0.0,
0.0,
0.0,
1.0,
0.0,
-445.35,
117.0,
0.0,
1.0
]
}
}
]
},
{
"I": 102,
"DU": 1,
"E": [
{
"ASI": {
"N": "0006",
"M3D": [
0.8313140869140625,
-0.553955078125,
0.0,
0.0,
0.553955078125,
0.8313140869140625,
0.0,
0.0,
0.0,
0.0,
1.0,
0.0,
-467.1,
143.25,
0.0,
1.0
]
}
}
]
},
{
"I": 103,
"DU": 1,
"E": [
{
"ASI": {
"N": "0006",
"M3D": [
0.865753173828125,
-0.4983062744140625,
0.0,
0.0,
0.4983062744140625,
0.865753173828125,
0.0,
0.0,
0.0,
0.0,
1.0,
0.0,
-455.05,
121.8,
0.0,
1.0
]
}
}
]
},
{
"I": 104,
"DU": 1,
"E": [
{
"ASI": {
"N": "0006",
"M3D": [
0.802886962890625,
-0.59405517578125,
0.0,
0.0,
0.59405517578125,
0.802886962890625,
0.0,
0.0,
0.0,
0.0,
1.0,
0.0,
-452.2,
146.25,
0.0,
1.0
]
}
}
]
},
{
"I": 105,
"DU": 1,
"E": [
{
"ASI": {
"N": "0006",
"M3D": [
0.77667236328125,
-0.628082275390625,
0.0,
0.0,
0.628082275390625,
0.77667236328125,
0.0,
0.0,
0.0,
0.0,
1.0,
0.0,
-454.75,
154.7,
0.0,
1.0
]
}
}
]
},
{
"I": 106,
"DU": 1,
"E": [
{
"ASI": {
"N": "0006",
"M3D": [
0.8014678955078125,
-0.5960540771484375,
0.0,
0.0,
0.5960540771484375,
0.8014678955078125,
0.0,
0.0,
0.0,
0.0,
1.0,
0.0,
-451.5,
139.75,
0.0,
1.0
]
}
}
]
},
{
"I": 107,
"DU": 1,
"E": [
{
"ASI": {
"N": "0006",
"M3D": [
0.8116455078125,
-0.5818634033203125,
0.0,
0.0,
0.5818634033203125,
0.8116455078125,
0.0,
0.0,
0.0,
0.0,
1.0,
0.0,
-442.8,
126.85,
0.0,
1.0
]
}
}
]
},
{
"I": 108,
"DU": 1,
"E": [
{
"ASI": {
"N": "0006",
"M3D": [
0.8310394287109375,
-0.5536346435546875,
0.0,
0.0,
0.5536346435546875,
0.8310394287109375,
0.0,
0.0,
0.0,
0.0,
1.0,
0.0,
-431.25,
111.8,
0.0,
1.0
]
}
}
]
},
{
"I": 109,
"DU": 1,
"E": [
{
"ASI": {
"N": "0006",
"M3D": [
0.8610382080078125,
-0.5052490234375,
0.0,
0.0,
0.5052490234375,
0.8610382080078125,
0.0,
0.0,
0.0,
0.0,
1.0,
0.0,
-407.25,
86.75,
0.0,
1.0
]
}
}
]
},
{
"I": 110,
"DU": 2,
"E": [
{
"ASI": {
"N": "0006",
"M3D": [
0.861236572265625,
-0.5041046142578125,
0.0,
0.0,
0.5041046142578125,
0.861236572265625,
0.0,
0.0,
0.0,
0.0,
1.0,
0.0,
-397.4,
69.7,
0.0,
1.0
]
}
}
]
},
{
"I": 112,
"DU": 1,
"E": [
{
"ASI": {
"N": "0006",
"M3D": [
0.838409423828125,
-0.5410308837890625,
0.0,
0.0,
0.5410308837890625,
0.838409423828125,
0.0,
0.0,
0.0,
0.0,
1.0,
0.0,
-392.85,
77.85,
0.0,
1.0
]
}
}
]
},
{
"I": 113,
"DU": 1,
"E": [
{
"ASI": {
"N": "0006",
"M3D": [
0.87164306640625,
-0.4852294921875,
0.0,
0.0,
0.4852294921875,
0.87164306640625,
0.0,
0.0,
0.0,
0.0,
1.0,
0.0,
-377.35,
58.15,
0.0,
1.0
]
}
}
]
},
{
"I": 114,
"DU": 1,
"E": [
{
"ASI": {
"N": "0006",
"M3D": [
0.858734130859375,
-0.507598876953125,
0.0,
0.0,
0.507598876953125,
0.858734130859375,
0.0,
0.0,
0.0,
0.0,
1.0,
0.0,
-379.45,
62.8,
0.0,
1.0
]
}
}
]
},
{
"I": 115,
"DU": 2,
"E": [
{
"ASI": {
"N": "0006",
"M3D": [
0.871246337890625,
-0.4856719970703125,
0.0,
0.0,
0.4856719970703125,
0.871246337890625,
0.0,
0.0,
0.0,
0.0,
1.0,
0.0,
-377.4,
58.45,
0.0,
1.0
]
}
}
]
},
{
"I": 117,
"DU": 3,
"E": [
{
"ASI": {
"N": "0006",
"M3D": [
0.8672943115234375,
-0.4927215576171875,
0.0,
0.0,
0.4927215576171875,
0.8672943115234375,
0.0,
0.0,
0.0,
0.0,
1.0,
0.0,
-372.85,
55.85,
0.0,
1.0
]
}
}
]
},
{
"I": 120,
"DU": 1,
"E": [
{
"ASI": {
"N": "0007",
"M3D": [
0.915374755859375,
0.3063201904296875,
0.0,
0.0,
-0.3063201904296875,
0.915374755859375,
0.0,
0.0,
0.0,
0.0,
1.0,
0.0,
85.85,
396.15,
0.0,
1.0
]
}
}
]
},
{
"I": 121,
"DU": 1,
"E": [
{
"ASI": {
"N": "0007",
"M3D": [
0.906829833984375,
0.33013916015625,
0.0,
0.0,
-0.33013916015625,
0.906829833984375,
0.0,
0.0,
0.0,
0.0,
1.0,
0.0,
105.95,
482.5,
0.0,
1.0
]
}
}
]
},
{
"I": 122,
"DU": 2,
"E": [
{
"ASI": {
"N": "0007",
"M3D": [
0.81378173828125,
0.5180206298828125,
0.0,
0.0,
-0.5180206298828125,
0.81378173828125,
0.0,
0.0,
0.0,
0.0,
1.0,
0.0,
114.8,
508.95,
0.0,
1.0
]
}
}
]
},
{
"I": 124,
"DU": 1,
"E": [
{
"ASI": {
"N": "0007",
"M3D": [
0.7602691650390625,
0.5931549072265625,
0.0,
0.0,
-0.5931549072265625,
0.7602691650390625,
0.0,
0.0,
0.0,
0.0,
1.0,
0.0,
108.0,
519.15,
0.0,
1.0
]
}
}
]
},
{
"I": 125,
"DU": 1,
"E": [
{
"ASI": {
"N": "0007",
"M3D": [
0.813079833984375,
0.5182647705078125,
0.0,
0.0,
-0.5182647705078125,
0.813079833984375,
0.0,
0.0,
0.0,
0.0,
1.0,
0.0,
91.8,
519.6,
0.0,
1.0
]
}
}
]
},
{
"I": 126,
"DU": 1,
"E": [
{
"ASI": {
"N": "0007",
"M3D": [
0.725982666015625,
0.63458251953125,
0.0,
0.0,
-0.63458251953125,
0.725982666015625,
0.0,
0.0,
0.0,
0.0,
1.0,
0.0,
112.0,
516.0,
0.0,
1.0
]
}
}
]
},
{
"I": 127,
"DU": 1,
"E": [
{
"ASI": {
"N": "0007",
"M3D": [
0.7757568359375,
0.57232666015625,
0.0,
0.0,
-0.57232666015625,
0.7757568359375,
0.0,
0.0,
0.0,
0.0,
1.0,
0.0,
89.0,
514.2,
0.0,
1.0
]
}
}
]
},
{
"I": 128,
"DU": 1,
"E": [
{
"ASI": {
"N": "0007",
"M3D": [
0.741851806640625,
0.615478515625,
0.0,
0.0,
-0.615478515625,
0.741851806640625,
0.0,
0.0,
0.0,
0.0,
1.0,
0.0,
96.1,
511.2,
0.0,
1.0
]
}
}
]
},
{
"I": 129,
"DU": 1,
"E": [
{
"ASI": {
"N": "0007",
"M3D": [
0.7625885009765625,
0.5894775390625,
0.0,
0.0,
-0.5894775390625,
0.7625885009765625,
0.0,
0.0,
0.0,
0.0,
1.0,
0.0,
90.2,
511.0,
0.0,
1.0
]
}
}
]
},
{
"I": 130,
"DU": 2,
"E": [
{
"ASI": {
"N": "0007",
"M3D": [
0.772216796875,
0.5766448974609375,
0.0,
0.0,
-0.5766448974609375,
0.772216796875,
0.0,
0.0,
0.0,
0.0,
1.0,
0.0,
79.65,
497.4,
0.0,
1.0
]
}
}
]
},
{
"I": 132,
"DU": 1,
"E": [
{
"ASI": {
"N": "0007",
"M3D": [
0.812591552734375,
0.5180511474609375,
0.0,
0.0,
-0.5180511474609375,
0.812591552734375,
0.0,
0.0,
0.0,
0.0,
1.0,
0.0,
71.8,
492.75,
0.0,
1.0
]
}
}
]
},
{
"I": 133,
"DU": 2,
"E": [
{
"ASI": {
"N": "0007",
"M3D": [
0.814605712890625,
0.514862060546875,
0.0,
0.0,
-0.514862060546875,
0.814605712890625,
0.0,
0.0,
0.0,
0.0,
1.0,
0.0,
64.8,
484.75,
0.0,
1.0
]
}
}
]
},
{
"I": 135,
"DU": 1,
"E": [
{
"ASI": {
"N": "0007",
"M3D": [
0.8230133056640625,
0.50128173828125,
0.0,
0.0,
-0.50128173828125,
0.8230133056640625,
0.0,
0.0,
0.0,
0.0,
1.0,
0.0,
72.7,
476.65,
0.0,
1.0
]
}
}
]
},
{
"I": 136,
"DU": 3,
"E": [
{
"ASI": {
"N": "0007",
"M3D": [
0.8395538330078125,
0.472930908203125,
0.0,
0.0,
-0.472930908203125,
0.8395538330078125,
0.0,
0.0,
0.0,
0.0,
1.0,
0.0,
65.4,
472.95,
0.0,
1.0
]
}
}
]
},
{
"I": 139,
"DU": 2,
"E": [
{
"ASI": {
"N": "0007",
"M3D": [
0.841705322265625,
0.4690704345703125,
0.0,
0.0,
-0.4690704345703125,
0.841705322265625,
0.0,
0.0,
0.0,
0.0,
1.0,
0.0,
72.1,
470.45,
0.0,
1.0
]
}
}
]
},
{
"I": 141,
"DU": 3,
"E": [
{
"ASI": {
"N": "0007",
"M3D": [
0.85113525390625,
0.4515533447265625,
0.0,
0.0,
-0.4515533447265625,
0.85113525390625,
0.0,
0.0,
0.0,
0.0,
1.0,
0.0,
68.8,
468.95,
0.0,
1.0
]
}
}
]
},
{
"I": 144,
"DU": 1,
"E": [
{
"ASI": {
"N": "0008",
"M3D": [
0.9992523193359375,
-0.03399658203125,
0.0,
0.0,
0.03399658203125,
0.9992523193359375,
0.0,
0.0,
0.0,
0.0,
1.0,
0.0,
169.45,
-1170.4,
0.0,
1.0
]
}
}
]
},
{
"I": 145,
"DU": 1,
"E": [
